u abs_error rel_error
-3.125e-2 4.678025211312479119387640082444557645097767840361933113270127792072930813e-2 1.021320607755585075728951846344180518598952205815903885671672724196984253
-3.09375e-2 4.62955080683522813399953011932445561686614324695938648186151639997689573e-2 1.021110787900641377593611422199016628443213784697575830312051041760065008
-3.0625e-2 4.581110936363388591672611407452743831612922754456963426829263890561958914e-2 1.020900899274972602797795846821002276346263462929354471737863050328470921
-3.03125e-2 4.532705590225562715626739969429045367928476044215014115885531723112542467e-2 1.020690941889839640994658341118003736728311485776294512843094633750041648
-3e-2 4.484334758759701591441993009787873283736763757791435816425158920151461446e-2 1.020480915756496086160398190847217841943502365757999672243910230529623775
-2.96875e-2 4.435998432313093121495435348327180508656304450458237119305470017786194767e-2 1.020270820886188244059156721531203270318017669435858471402962426992233899
-2.9375e-2 4.387696601242349998791806089425195407179755516275789560376501743266941547e-2 1.020060657290155139697644361180627848976636114550187559756282234012701352
-2.90625e-2 4.339429255913397700150667446400251917900606524488562466936709920012623797e-2 1.019850424979628524769516426896699577047247587456692962886404867191190052
-2.875e-2 4.29119638670146249871264201859575345673967827183513312248047908787650859e-2 1.019640123965832885089515235215064539774793839026545493375474735683612193
-2.84375e-2 4.242997983991059495727448980343953967071852287058020390187888554916401278e-2 1.019429754259985448017396099928145165883151064348971734999043432089571751
-2.8125e-2 4.194834038175980671586533585906424104164093405087930293267601273534072628e-2 1.019219315873296189871654745084222888017587069653176388158195371206649585
-2.78125e-2 4.146704539659282956063168123532401391900054492932690401846093499704498245e-2 1.019008808816967843333073624908806421533535135197996154402155500136028721
-2.75e-2 4.098609478853276317722985965543192605613581993097044905909558178135792708e-2 1.018798233102195904838104606526737513548018402916254125742553336990686971
-2.71875e-2 4.050548846179511872467993660463890533996696566482574017504988631958365867e-2 1.018587588740168641962105435581837773948739594084508322809956864191354172
-2.6875e-2 4.00252263206877001117718909830337226090386387807540423033123718827632881e-2 1.018376875742067100792447369154461431119729420301800823621586096243640022
-2.65625e-2 3.95453082696104854640699665174835653857075056191252068811916579204001813e-2 1.018166094119065113291511324765858609518324098232274467160068627981522282
-2.625e-2 3.906573421305550878114812854903722834248683085744221007772994721989040732e-2 1.017955243882329304649589858731541757454573592810542986603873550864418071
-2.59375e-2 3.858650405560674178369038627893865149315848184381170828931530327926053223e-2 1.017744325043019100627712251683654614151776011233393792425277505898731741
-2.5625e-2 3.810761770193997595009056290751129430249294747658921551038092687936615765e-2 1.017533337612286734890409943724439744868249798781364720264440418536790837
-2.53125e-2 3.762907505682270474218691634167959734203989042688895899512111777576957572e-2 1.017322281601277256328439526399059035448069840903025283048986007036694372
-2.5e-2 3.71508760251140060197678312848789334765805835410621820605402154319813622e-2 1.017111157021128536371480463486014159171193577203877697753415154234139198
-2.46875e-2 3.66730205117644246434856195636368640330407307376261721929868846821142156e-2 1.016899963882971276290824677497014135011879686128521175121339527325814482
-2.4375e-2 3.619550842181585526581627949423363239382613170454329187496887303011259383e-2 1.016688702197929014492075103755118600684903356653473045534155069757922376
-2.40625e-2 3.571833966040142530970387695659672107755538959452636075596216730406345082e-2 1.016477371977118133797870278980122924626186606797967799801704998415320264
-2.375e-2 3.524151413274537813452902062696174263058610487392034996931040842341774274e-2 1.016265973231647868720651996453220059651392289156042529616435907944416323
-2.34375e-2 3.476503174416295638904171153182947240550582092625816383573081255219567018e-2 1.016054505972620312725493025058750059374328754695212718022317570455263275
-2.3125e-2 3.428889240006028555089965272933684192805328486782152127430856035502699948e-2 1.015842970211130425483001854809108076754241291808373183247992806585595402
-2.28125e-2 3.381309600593425765245390850628947838220908868223643649610919068900085155e-2 1.015631365958266040112321396849402758606951901341941730253891382229922681
-2.25e-2 3.333764246737241519242460400570715321957037826178547648845999523039489863e-2 1.015419693225107870414238531411017230545749996005001735620324762602279007
-2.21875e-2 3.28625316900528352331101556767245834901358507625630633052676039551780556e-2 1.015207952022729518094421362737602995099842288837848009311746309498324279
-2.1875e-2 3.23877635797440136827743203719628103354145456586048907550264506120071131e-2 1.01499614236219747997680100564301237242758699484426074928624195322462712
-2.15625e-2 3.19133380423047497628561463129164283857889254848632909765650241292871283e-2 1.014784264254571155207114694078027595845235789613967668221303209883876159
-2.125e-2 3.143925498368403065964870250734606297335906289578099469031138522047853345e-2 1.014572317710902852446626967881254995853692631968842952871586713227917538
-2.09375e-2 3.096551430992091636009325453996179761362663617273182929972415719142663725e-2 1.014360302742237797056045659769002191543517659583145452837985957798345285
-2.0625e-2 3.049211592714442467133634397465121935699921340142514604963638240232921338e-2 1.014148219359614138269649370579126842607107856413778343426154463450836338
-2.03125e-2 3.001905974157341642369801590894628570827788998879746570467736468394072088e-2 1.013936067574062956359643086824519942231221984490224049736239288514588493
-2e-2 2.95463456595164808567002245151187344476095341168796567549293434912278555e-2 1.013723847396608269790758560732848150357017410733577239492885022348298344
-1.96875e-2 2.90739735873718211878052296930082315768106251439805932672235048822490605e-2 1.013511558838267042365116039150212231390697025735061963776054970401574766
-1.9375e-2 2.860194343162714036351457925316648624160373087112380284038469978006504609e-2 1.013299201910049190357363893967266875192106105370138097534194324619401157
-1.90625e-2 2.813025509885952699248005035087145147697780521332993960030178271402594455e-2 1.013086776622957589640112673086876299206046082352523833557690845140914757
-1.875e-2 2.76589084957353414602787012077375299186322036117209494197086153953720453e-2 1.012874282987988082799680057392335954287298739060755153301321556496357297
-1.84375e-2 2.718790352901010222550495949371128933994515691250194459142122862892888213e-2 1.01266172101612948624216317569435993351191474235404107355288227157828854
-1.8125e-2 2.671724010552837229683344710387032397870398496020264067826319743713669468e-2 1.012449090718363597289854696233203501369753912804575725016332337920983151
-1.78125e-2 2.624691813222364589070701245729028233471154739432365835653887079669132499e-2 1.012236392105665201268019079989248350257071348776060916568972074802466342
-1.75e-2 2.57769375161182352693052108749484400964767129089489625832453984496486297e-2 1.012023625189002078582045347810913220812381561078630800405465154813537658
-1.71875e-2 2.530729816432315775844924106581032209213914100757187517648370928755287693e-2 1.01181078997933501178499268020265349753352431822793806725018357238742565
-1.6875e-2 2.483799998403802294510011127049970069476333289458771194544597433635312715e-2 1.011597886487617792635545135527870050818171979098819029690308753314560075
-1.65625e-2 2.436904288255092005410757218586495046990487185807752678386968327041987478e-2 1.011384914724797229146391739371550312880210670182046869555098276193147172
-1.625e-2 2.390042676723830550386811542689161225509480887885449193780997822860663046e-2 1.011171874701813152623048164875204349858478458758809335343098003196368712
-1.59375e-2 2.343215154556489064055109598031983019704799847483002493375569403647576718e-2 1.010958766429598424693136191001927155854498928767082750865169302492404287
-1.5625e-2 2.296421712508352965055279487253617383934455864889709541120296684748269556e-2 1.010745589919078944326137092912007802578809348817775556969215422700742902
-1.53125e-2 2.249662341343510765083899411833479235487714459176131729901690624534437701e-2 1.010532345181173654843635085929209310600220183268680217621323554997293712
-1.5e-2 2.20293703183484289568373899424779258321118607160816350057955125676479e-2 1.010319032226794550920066911954453666535508664561899662060120747095695784
-1.46875e-2 2.156245774764010552754192227810814473971428601918586331819134967330300654e-2 1.010105651066846685573993624636958416285950398365802843405834508285322021
-1.4375e-2 2.109588560921444558749184865043455890868421324728733504870925701211656359e-2 1.009892201712228177149910597142679456700201205508745870475470451368413461
-1.40625e-2 2.062965381106334242528913875617557776454816147711536206976988993072855541e-2 1.009678684173830216290611743966014381528007487282011375645443653501901934
-1.375e-2 2.016376226126616336831851235441731121572619528186629210285394403967152476e-2 1.009465098462537072900123915912907980518366803909511144470069338453900938
-1.34375e-2 1.969821086798963893333518749824788369173624887106736966916130828780414693e-2 1.009251444589226103097227395141572822849004006208787768733971088852824944
-1.3125e-2 1.923299953948775215258614866414517137510556781547721692135318303145262907e-2 1.009037722564767756159578384980790467109249336720015660528340685134758074
-1.28125e-2 1.87681281841016280751314849830030743021543457957185522922859930835232276e-2 1.008823932400025581458449357154990526649172219194002964830162508539218227
-1.25e-2 1.830359671025942344303308754823670033669114513765508096171244493246875506e-2 1.008610074105856235384103087029813983588493103852902346985166732402862038
-1.21875e-2 1.783940502647621654207873167795011586433443214844947874502873861386524467e-2 1.008396147693109488261816175551452792956930078505855290076744258324568127
-1.1875e-2 1.737555304135389722671030504500506540955877441547880665985235062480412452e-2 1.008182153172628231258567824687519557593732697313025778224877315580257927
-1.15625e-2 1.691204066358105711882567576630190317142220863210177609866907902827203144e-2 1.007968090555248483280409601386339091328632158597251053216070821241032204
-1.125e-2 1.64488678019328799801244258659647631001789997749642530854377989935943449e-2 1.007753959851799397860531893355168826853872034248535080612220394078730306
-1.09375e-2 1.598603436527103225766840500168485376202922494518589044344992684155395433e-2 1.007539761073103270038042728315748665347559645800738314351049739141396137
-1.0625e-2 1.552354026254355380232878697447517489130565256184327686098777012392624092e-2 1.00732549422997554322747459682755500063671384348163016794595171157046931
-1.03125e-2 1.506138540278474875979203733476678896660729164605498381837677595652048819e-2 1.007111159333224816079034887274990866388523481245147990056009416365810514
-1e-2 1.459956969511507663379792435735437550680244498243103188520583682334247791e-2 1.006896756393652849329615510194287625007855044212666575964013660110742314
-9.6875e-3 1.413809304874104352128342778938399501097165113080137829388325878233623933e-2 1.006682285422054572644577257768927103788295261191521048364399115310690673
-9.375e-3 1.367695537295509351910712008455921253241791683063288792763080795013208693e-2 1.006467746429218091450324413048720935333364423676130445459147015770605963
-9.0625e-3 1.32161565771355003020293133281970257692746627922183992710444892349090624e-2 1.006253139425924693757685092247111007048540216220108728326937429028769673
-8.75e-3 1.275569657074625887162398173685014306164583317559128306235912808198453265e-2 1.006038464422948856976112772343586882183260886555377659432570495623088531
-8.4375e-3 1.229557526333697747579918448806853896267408017299473931490480750121341533e-2 1.00582372143105825471872442516315891599845538687389484832590245183925811
-8.125e-3 1.183579256454276969860342670562615397219812747157004466487267306121503431e-2 1.005608910461013763598190648122386226701251473519035799212206418662459519
-7.8125e-3 1.137634838408414671999610769829723031843535304881346705589795287417369512e-2 1.005394031523569470013493150921343939496794589984955070304436516228299421
-7.5e-3 1.091724263176690974526091503112412786219935612605009051540889839932975104e-2 1.005179084629472676927564926622932025349539058524370324244363292231561225
-7.1875e-3 1.045847521748204260374173070215155029725186347091071081886685484696486455e-2 1.004964069789463910635828404794886998040245679337452305967992478459059054
-6.875e-3 1.000004605120560451658132160987196085356999034990654721071449762359465624e-2 1.004748987014276927525646853695566678505527905865065785699756237297150068
-6.5625e-3 9.54195504299862303314379063217868500389669567775177654349301713214591541e-3 1.004533836314638720826704267861846717466909390560210541619032893207551496
-6.25e-3 9.084202103006987135802467001486023943665483504110668679927921354882015415e-3 1.004318617701269527352328946906105685892540197892719013765105115169255225
-5.9375e-3 8.62678714146134051277561525786306284473709900915892177103803154705267933e-3 1.004103331184882834231775940849093962600353025720485452782125789939274771
-5.625e-3 8.16971006867697499869304089753741999994262970942444173241945888501115862e-3 1.00388797677618538563348350690629159697654910285073072622368932571971535
-5.3125e-3 7.71297079505372418257736791293891131107475395598997304574638393221032442e-3 1.003672554485877189479318692306973591121072722407722322621546113001655284
-5e-3 7.25656923107585718292445874753731412876976597256078583225182350157823359e-3 1.003457064324651524149827127457429977771726864813790409052503426722445439
-4.6875e-3 6.800505287311972589568140769033824954341739301261675161709421832437892253e-3 1.003241506303194945180502083562445573546619927439219817518347516071414562
-4.375e-3 6.34477887441489257201509520292759526411736743278213804792704698566070158e-3 1.0030258804321872919490878186920438224093110739715655206648718673757005
-4.0625e-3 5.889389903121557153936454570016589246593913588092715574778861364485066216e-3 1.002810186722301694353932206223454726586843607462754783380504892637736418
-3.75e-3 5.434338284252918653503343040910192757594198235881612162199820614091491343e-3 1.002594425184204579483403609601093058177955004230978012508867674754917489
-3.4375e-3 4.97962392871383628925428076301838942653716397528285684415478781266825702e-3 1.002378595828555678276386937439844971219171587533086589945044904562701058
-3.125e-3 4.52524674749297095118305813561245468473936726687549269001130730150782051e-3 1.002162698666008032173873783148974456187004906650535506888333957686132556
-2.8125e-3 4.071206651662680136736369211283273446816579712854699433735059618663275884e-3 1.00194673370720799976166152347529200847588937484834183983995049550427287
-2.5e-3 3.617503552378913051411174892298611635314182729005365394943682155885268355e-3 1.001730700962795263404176220654693175694526020178238237864232636408101229
-2.1875e-3 3.164137360881105873642446372807844987655797779143431927116170968912151193e-3 1.001514600443402835869434143220591604990751402392572186546193766913518921
-1.875e-3 2.711107988492077183672617357374532082117898089124115738428477481034852588e-3 1.001298432159657066945156690945957671520601414100865326085525814720293062
-1.5625e-3 2.258415346617923556094749967731507949357422146145688315850349251617130251e-3 1.001082196122177650046053479892448112470509366856848538146381229175142096
-1.25e-3 1.806059346747915315762093937732551767907878573998077910237874786351927608e-3 1.00086589234157762881228831410529323517964112136177976170724284732523488
-9.375e-4 1.354039900454392456757391695986866499054048316979276839357380532551849844e-3 1.000649520828463403699142741126015666194609580563929764793281734853551146
-6.25e-4 9.02356919392660724115953251360408647743591035457794665038497700502201095e-4 1.000433081593434738557891859196508247913106547333187075617734523960127382
-3.125e-4 4.510103153008878579971944331494718967812544077462014124642917301147369968e-4 1.000216574647084767207907014797319090568217607910035928043843692478160296
0 0 1
3.125e-4 4.506741146064217386820605757307346256782957963347736043027110659142330676e-4 0.999783357662760330371023330017892105143780493427923591507523044185361902
6.25e-4 9.010121165322445475689722138015231669172125959797317564406715815047636804e-4 0.999566647645939041389741152311571609753145753437333960474831337657320922
9.375e-4 1.35101409370888702596861282033540690406846821844357400193463770300717573e-3 0.999349869960102812293985309644181822291915522748240780672531247034971047
1.25e-3 1.800680133985422131119174656928467628063290775115518298265531275540648858e-3 0.9991330246158117250191110505878581315819374650717361261283446994072393786
1.5625e-3 2.25001032512867996570099211022505910657613543246464809505528789621948249e-3 0.9989161116236192707177668521552340710648523513991144214626972706795904336
1.875e-3 2.699004754823350405018441473053932647363501100602495598180069810856552289e-3 0.998699130994072356270992790469423249076659464983021580257832540841177134
2.1875e-3 3.147663510672085564151921975410017778341167542485625610712284592578882782e-3 0.998482082737711310790661866691728432562745472927160969899870279994802732
2.5e-3 3.59598668019560210537927256785212915921511465393281944270469145520049515e-3 0.998264966865069892113278666798460690271159412237702249602238488295431026
2.8125e-3 4.04397435083278338616532585667545028179733038252049631605843200577766181e-3 0.998047783386675293285149705236483976933058003783378676127945195825705545
3.125e-3 4.49162660994078144801764911493146846850054019897448329971029033781124334e-3 0.997830532313048149038939773991260134056040307999504357052893052593648453
3.4375e-3 4.938943544795118846505872441443538220717587194447529548938990918406028255e-3 0.997613213654702542261628590171082769332377261614693637851325503252399851
3.75e-3 5.3859252425897903227413559068540752579585338008893980870701524071316712e-3 0.9973958274221460104538820068466831390732746901188021108227319205626253304
4.0625e-3 5.832571790437364316613300906904337202074345339243429061645960448442488077e-3 0.997178373625879552180852023586294788791441050171075810802844757322171574
4.375e-3 6.278883275369084322076765934068747320817844578218306050085631401309160224e-3 0.9969608522763976335144198048924046051745465333163479661491045382360783126
4.6875e-3 6.724859784334970084787403574835748223984355623365710449612331854165317e-3 0.996743263384188194466895886577624902515029850016029061967774532130032426
5e-3 7.17050140420391864237709373685323261227878408730857744933110804580134406e-3 0.996525606959732655416191722013223516020755141848982323646871458953277963
5.3125e-3 7.61580822176380520766400790335965642426957913413198605669208935469928394e-3 0.99630788301350592352247669214467641306005943373633594033607535997631304
5.625e-3 8.060780323721583895090000597336885166356563408567869241467782168809523525e-3 0.996090091555976399136334675193990371293570029557623589751288449663931124
5.9375e-3 8.50541779670338829067758721019641926843709139144493314984692783901040159e-3 0.9958722325976059821984342440583126184512498490872264284501676884965895384
6.25e-3 8.94972072725463186579813190510947727502035838411523111697906026916421782e-3 0.995654306148850078630726531568331287878962829878408652834171100158523428
6.5625e-3 9.39368920184010823504223543888985349241346268392502416475875954286095664e-3 0.9954363122201576067191847759880069179552722394617189803400878707599964
6.875e-3 9.83732330684409125848268045422660789718159622181189718001428021287924005e-3 0.9952182508219710034880995314190933069043433868036228399684164962934206844
7.1875e-3 1.02806231285704349886196610716452739218716932512126568078654539900065738e-2 0.995000121964726231065943500119538614424940457190811241969116087409421978
7.5e-3 1.072358875324267346229739445346880544779593733825681429624945629025632527e-2 0.994781925658852783042819916154037955521349790569769177954007024042663532
7.8125e-3 1.116622026700412033788058441588394072810959436002979408118236514627123175e-2 0.9945636619147736908195083822675706265511099818680911956941116769205971627
8.125e-3 1.160851775591796837797858112563959596247436772500856875578536344266375006e-2 0.994345330742905529948122034408532792788731749780010030384363291553243015
8.4375e-3 1.205048130596738877800445643056937174160639224129533988722946787033512806e-2 0.994126932153658426464389880926904690554272571584025785378862352784114365
8.75e-3 1.249211100305563034085559143371177143230845092151462671747585413033110405e-2 0.993908466157436063211578136134605379222035952696336183886495852521328404
9.0625e-3 1.293340693300611849800175152498420876319767378486636475280226184505076387e-2 0.993689932764635686156064340639623525929109657831833603138179587220573404
9.375e-3 1.337436918156255417726600422784860083994345898177409065337739943532694065e-2 0.9934713319856481106945780336525058063715774374469815384046010823141651406
9.6875e-3 1.3814997834389012517583216896898896971383603286717551145008831223244591404e-2 0.9932526638308577279531217153131719260779055153836599205868588003210202757
1e-2 1.425529297707004143102025451152914806518875291875604015613625379144217985e-2 0.9930339283106425110775858099976441533437866787432520264793007018554287774
1.03125e-2 1.469525469511076001234138254654276647126926686136023031825316599511481413e-2 0.992815125435374021516071314537967229400876256183861505894842404898893503
1.0625e-2 1.513488307393695679640176615849073301543639925736947501362495677620099203e-2 0.992596255215417415292933788324189680070811364517978894924067922233659121
1.09375e-2 1.557417819889518786365134470244308323795628380139581252168598690463473556e-2 0.9923773176611314492745623153546184661822617072529863513597790893110010805
1.125e-2 1.601314015525287479403074988358154619662054205502736419512258222417214514e-2 0.9921583127828684874269070414594846192857094961669485271071551665004161786
1.15625e-2 1.645176902819840246954032664724226078605902657469708036398219250727164263e-2 0.991939240590974507064768863143507526870870045235464296586850379674567143
1.1875e-2 1.6890064902841216725762708215639602719791453827121941211494430709337226e-2 0.991720101095789105092864817774459838335596893179917297320032644107091521
1.21875e-2 1.732802786421192185261879048528182449214584736794930643378927279901040603e-2 0.9915008943076455042386826981875540075947018599276192441491783377064883574
1.25e-2 1.776565799726237794463634630187585917442623774534362976825422234845813456e-2 0.991281620236870559277138388179136184424858872195202388210840555150425044
1.28125e-2 1.820295538686579810100991692515455537480044795080069353311162773791019483e-2 0.991062278893784763247049388827624892635147269733564749952123903197011204
1.3125e-2 1.86399201178168454757300162803999101811171797193750525222979146062411107e-2 0.990842870288702253659437979104712529894095402864604729058696383879151536
1.34375e-2 1.90765522748317301780590833623484474794643722162173539133494473828279367e-2 0.9906233944319308186976774278253994937454424263283827998920201038303072826
1.375e-2 1.951285194254830602363101940653038840813921957601273965755729373919304866e-2 0.990403851333771903409494647631296442978629843192780476635691532489898418
1.40625e-2 1.994881920552616713645054916880601302450232819612336395237303093331001137e-2 0.9901842410045206158908426554076530633345622858649956973149054882849374495
1.4375e-2 2.038445414824674440206804985182660510473767925884268198185724794899451043e-2 0.9899645634544657334616561773005953985675677936708276947103144540823156474
1.46875e-2 2.081975685511340177220489688328220348063316034103056093385634701859799606e-2 0.9897448186938897088335037103269224645188535176813553037104603265331472316
1.5e-2 2.125472741045153242110378288103521938822433999291660761972237522654763202e-2 0.9895250067330686762691493264543710713075564694699552786382249055607905596
1.53125e-2 2.168936589850865475387787473052151117698116865886892596504197917945731878e-2 0.989305127582272457734037478975350575626107152537472070736442558064924446
1.5625e-2 2.212367240345450826713208374608490949326779481561798159321992165878996324e-2 0.9890851812517645690397140450016221609830837567814731526892246215374783625
1.59375e-2 2.255764700938114926212913538616607242457978061155237255378845293401553948e-2 0.988865167751802225979196811971096137594605762138706189040078583516248696
1.625e-2 2.2991289800303046410772537938472934329155109683290454395117570810264832e-2 0.9886450870926363504543085901806920525417377497389945240368331140059350455
1.65625e-2 2.342460086015717617467796398141126404560279559757896257400277537591185738e-2 0.9884249392845115765949861075408969384321986513480395003890030233365548204
1.6875e-2 2.385758027280311807760397425815565257749378912234012116672039824516455387e-2 0.9882047243376662568705778169881140839267006569383479717817637877723762497
1.71875e-2 2.429022812202314983151243086581156508503196223042190094558670487475499192e-2 0.9879844422623324681931437212899660046285422560566829947448179676432080905
1.75e-2 2.472254449152234231652836536018810673499370930479489595495247623614645716e-2 0.987764093068736018012770294336248992795353609901514273901469019164250605
1.78125e-2 2.515452946492865441506848750281124672742571808728990801835439752077184885e-2 0.987543676767096450404913552424081334787885367788483341511117718452715266
1.8125e-2 2.558618312579302770040694192701294895586588177173852549918522586285437507e-2 0.987323193367627052149783303519792051246659311815714823040335651892485827
1.84375e-2 2.601750555758948097994634297029960883295940545452813667990776978717950997e-2 0.987102642880534858803781577012111319845269917606257492161917602775329887
1.875e-2 2.644849684371520469346154230681209877194513889942644455824668111294441584e-2 0.9868820253160206607630082110610975039015469790927554904642174078135765414
1.90625e-2 2.687915706749065516658300981263031127214148007417280586692479964719053384e-2 0.986661340684279009318846549294819287154729872361794404123899278703615937
1.9375e-2 2.730948631215964871978613530405007623558861064496896960483337376953274557e-2 0.986440588995498222705642173310955594488300487003082236811529039753638481
1.96875e-2 2.773948466088945563315218740088438145856161820853441371539897434222770766e-2 0.986219770259860392140487572203031981581406575566556749721011071049281959
2e-2 2.816915219677089396716609577944051104141890398814052447284892729592518364e-2 0.985998884487541387855125625150831655743439538241116208765715694001496053
2.03125e-2 2.859848900281842323981565448923846990203511338044557680276035682836903101e-2 0.985777931688710865119984747991454327529212964861488342026546940433546877
2.0625e-2 2.90274951619702379602561768099141431650074948868666382123316778650297831e-2 0.9855569118735322702603585296213991984374485294143375716085040453064172677
2.09375e-2 2.945617075708836101930406631625509195624348839181809988334846344408636961e-2 0.98533582505216284666474265907077250126899706124905409449263728188847122
2.125e-2 2.988451587095873693702220439612150293213997027992152409744164983786865895e-2 0.985114671234753640785341919138118489316001328375493266550207412962254604
2.15625e-2 3.03125305862913249676594914242950849022772833116379225394586820812770526e-2 0.9848934504314495081307599975782994054045221910022818735145983509530195144
2.1875e-2 3.074021498572019206220631713127180628345086849267514571353686895507142336e-2 0.9846721626523891192508848419961589616805235048870921830766645122827373366
2.21875e-2 3.116756915180360568882717541587908366061650469237971335581602442714356836e-2 0.984450807907704965713982259815249857142043442718620652822455263305253814
2.25e-2 3.15945931670241265114310799305747448305630257833680820541936602841107802e-2 0.984229386207523366076010439963543903629038457265756392773906917934911496
2.28125e-2 3.202128711378870092663987921460572941118409930066293922996642800011281156e-2 0.984007897561964471842168048246628892413033569532078193963250315196244374
2.3125e-2 3.244765107442875345941401395911249728767164207080419204962951237181395584e-2 0.983786341981142273420688523763285300243852972916250890435342450081921416
2.34375e-2 3.287368513120027901759470415601540287337166544773120107051473864112269573e-2 0.9835647194751646060688931791583846093739308657481186459969828788418444215
2.375e-2 3.329938936628393500562100040537820805942905709297905001774776736350293786e-2 0.983343030054133155831515683003616119126226259493901178530845765497735273
2.40625e-2 3.372476386178513329767958153018919073565487433483201128921391972418114264e-2 0.9831212737281434654713104781474877888786151354546763993035601546143925633
2.4375e-2 3.414980869973413207054462986942105781225464126058316387448966315973348743e-2 0.982899450507284940391957665482216417908495767622517477837401187083127151
2.46875e-2 3.45745239620861274963645661861275095852116053590171064958165518039582081e-2 0.982677560401640854553276858236381291186037856867617416267690370374639935
2.5e-2 3.49989097307213452956518780335185248288369925056043873955017177314791611e-2 0.982455603421288356378762487618421666228070970756400168338550304422259382
2.53125e-2 3.542296608744513215073172866475118503681169835641497019679511055228725816e-2 0.9822335795762984746554530164070709170199784896159702584339041319921717174
2.5625e-2 3.584669311398804697990448814791227905708904008556873166149438905125119208e-2 0.982011488876736124426146492910497966158231050857585662304903622549881331
2.59375e-2 3.6270090892005952072576784252698341134517628327109084348161901645344814e-2 0.9817893313326601128739748535961294107264218172742305243070196302504604504
2.625e-2 3.66931595030801040856151279059746217019613588415475805325837799376330215e-2 0.981567106954123145199349358627713470251249574294998727424911531758335058
2.65625e-2 3.71158990287172449011756265660843099391872165286640597405302115789322837e-2 0.9813448157511718304892895205350199486544449415446977891451242051292710656
2.6875e-2 3.753830955034969234626275873686171498071103737520832767686175036735567202e-2 0.98112245773384668757914786228450960040436745003839510761716678822384875
2.71875e-2 3.79603911493354307742696440281676825648401154958178513667070498996054645e-2 0.9809000329121821509067428171162128184986243003824758444157805102797629786
2.75e-2 3.83821439069582015087517056668128719061121376581646836622920162809757052e-2 0.980677541296206576358912058662793012062128563248460554975852292620931821
2.78125e-2 3.88035679044275931496850861663761851008302668661992762361961119520943987e-2 0.980454982895942247110498526071196405701737146598663178360237011327241224
2.8125e-2 3.92246632228791317424606419730840787266828580719026296952011807132071888e-2 0.9802323577214053794557813851052696594231094013432590422806987064040790513
2.84375e-2 3.964542994337437080986380931402501711863753739985244661411945380209748597e-2 0.980009665782606128632364142519122460355413676769850591679466040043312876
2.875e-2 4.006586814690098124729010117997610776562060849347729243197511078526932404e-2 0.979786907089548594637532107355687253318355762273856075570488613766264209
2.90625e-2 4.048597791437284108144546437447094986985944506234144613842384433502958393e-2 0.979564081652230828037091369242746126829220685332129265843905455914783591
2.9375e-2 4.09057593266301250927801958499046495893609881108145287664353096984549641e-2 0.9793411894806448357667014402295195165136975156600113899728857540039264717
2.96875e-2 4.132521246443939430190458912693025990318884778530539336612885396935689305e-2 0.9791182305847765869257136832306071814398629401400979907590272140326588624
3e-2 4.174433740849368532023395445163773146332188062447589920558510695181715694e-2 0.978895204974606018563527626720503592144216217377544740023528758940819942
3.03125e-2 4.216313423941259956511013048251961161737743702232028265857936740011225476e-2 0.9786721126601070414584772419509425714480449196674795256621963248806421065
3.0625e-2 4.25816030377423923396460807125256211738996447669063299623574751851818946e-2 0.978448953651247545889259235644825266607360778329186193491006364492445926
3.09375e-2 4.299974388395606177753964451710987696717230849727397883375374577197209385e-2 0.9782257279579894073989153878543172053580828030358026371207893008081125977
3.125e-2 4.34175568584534376531019906736094674630459333742491317685543002674288475e-2 0.978002435590288492551380941456730584666898918074085026105840334608640319
