x abs_error
-1.570796326794896619231321691639751442098584699687552910487472 4.524855534817410696070677232283731239802830249341028982766407e-3
-1.555088363526947653039008474723353927677598852690677381382598 4.220307809578268647059532821665520237752916909977992766982364e-3
-1.539380400258998686846695257806956413256613005693801852277723 3.93342124868811424646451752372213351705280545446043731539807e-3
-1.523672436991049720654382040890558898835627158696926323172848 3.663341020737966803054127179835385461176680746547132970378351e-3
-1.507964473723100754462068823974161384414641311700050794067973 3.40924516470869227548010475771928544670885138714454267653719e-3
-1.492256510455151788269755607057763869993655464703175264963099 3.170343671202172298827498902412958267690982411072204349228314e-3
-1.476548547187202822077442390141366355572669617706299735858225 2.945877578676577829612751550719669062414124457475546208738587e-3
-1.460840583919253855885129173224968841151683770709424206753349 2.73511808467278227541748640270349241258299695954273976439275e-3
-1.445132620651304889692815956308571326730697923712548677648475 2.537365672015250135995071406466477022900782528938509862552156e-3
-1.4294246573833559235005027393921738123097120767156731485436 2.351949249967042454922459344379479273310332687712986993108006e-3
-1.413716694115406957308189522475776297888726229718797619438725 2.178225310314890676310061619368965014895913726415236715190656e-3
-1.39800873084745799111587630555937878346774038272192209033385 2.015577098356606730106871312382601205768166729013664367051367e-3
-1.382300767579509024923563088642981269046754535725046561228976 1.863413798759420241062089282699208013789421325334764408951065e-3
-1.366592804311560058731249871726583754625768688728171032124101 1.721169736254164577655203893205767841835120756915251728018439e-3
-1.350884841043611092538936654810186240204782841731295503019226 1.588303591126572933598784153541660347402626109279066768987503e-3
-1.335176877775662126346623437893788725783796994734419973914352 1.464297629463294669031618965821925026439485454837297257965634e-3
-1.319468914507713160154310220977391211362811147737544444809476 1.348656948106601632075374986479513672702284338518789640281963e-3
-1.303760951239764193961997004060993696941825300740668915704602 1.240908734268125032266143486909203293006282583553378509307991e-3
-1.288052987971815227769683787144596182520839453743793386599727 1.14060153974834654093135405514800805537077136448706269505338e-3
-1.272345024703866261577370570228198668099853606746917857494852 1.047304569704963542277626037840546040378245770141575204329392e-3
-1.256637061435917295385057353311801153678867759750042328389978 9.606069859096587419579176737106332024183745537800230656951435e-4
-1.240929098167968329192744136395403639257881912753166799285103 8.80117224429229542905772890057223691324820952674504501619332e-4
-1.225221134900019363000430919479006124836896065756291270180229 8.05462327663473603288220840153506418516517791952561006401577e-4
-1.209513171632070396808117702562608610415910218759415741075353 7.362872906686846766656995859094903545820153756605857081985754e-4
-1.193805208364121430615804485646211095994924371762540211970479 6.722544216920880738704158987488297988918462274474544399278086e-4
-1.178097245096172464423491268729813581573938524765664682865605 6.1304271683903874940574820243310984190659811915295968865332e-4
-1.162389281828223498231178051813416067152952677768789153760729 5.58347248791317967464765669762896449659372630751199161446222e-4
-1.146681318560274532038864834897018552731966830771913624655855 5.07878569491397604342516689628794930257227891559895075460545e-4
-1.13097335529232556584655161798062103831098098377503809555098 4.613621267040952504797193324404494364837313941430354539456832e-4
-1.115265392024376599654238401064223523889995136778162566446106 4.185376943636192368475333085509907035527013644986192881186102e-4
-1.09955742875642763346192518414782600946900928978128703734123 3.791588166106013716944790200689513943455159314204816583644022e-4
-1.083849465488478667269611967231428495048023442784411508236356 3.42992265420337374056720743589060958793949881507600558493225e-4
-1.068141502220529701077298750315030980627037595787535979131482 3.098175117201015633033608468586537208709088840860115486720468e-4
-1.052433538952580734884985533398633466206051748790660450026606 2.794262098900741367570660504069431936239679151568434940111162e-4
-1.036725575684631768692672316482235951785065901793784920921732 2.516216955391171612875330922841248232058136387418470156429448e-4
-1.021017612416682802500359099565838437364080054796909391816857 2.262184964433600344909535083804721473707067001088043205556681e-4
-1.005309649148733836308045882649440922943094207800033862711982 2.030418565323074447913628474991454837002649301941647931119291e-4
-0.9896016858807848701157326657330434085221083608031583336071076 1.819272728039635788574206454491875426580054479937250292466028e-4
-0.973893722612835903923419448816645894101122513806282804502233 1.627200450472762834301652732896365736915025036041610605651581e-4
-0.958185759344886937731106231900248379680136666809407275397358 1.452748382470448740985790209623609057743228953210214155122886e-4
-0.942477796076937971538793014983850865259150819812531746292483 1.294552575433060754266915274550990202085206723858491598168666e-4
-0.926769832808989005346479798067453350838164972815656217187609 1.151334356141149472137274201624199592688638876150278388041498e-4
-0.911061869541040039154166581151055836417179125818780688082734 1.021896323475723648512252356131969934456021646513533116388603e-4
-0.895353906273091072961853364234658321996193278821905158977859 9.051184666591843404177472756205573248942087447700894888833755e-5
-0.8796459430051421067695401473182608075752074318250296298729844 7.99954403615128797099817254560080335224705322315988486903758e-5
-0.8639379797371931405772269304018632931542215848281541007681096 7.05427738015596955631107543752518759953048003113901551463927e-5
-0.848230016469244174384913713485465778733235737831278571663235 6.20628533555049057083729000081962123504007163748342952364502e-5
-0.8325220532012952081926004965690682643122498908344030425583606 5.447099039614389555354949140243937062639244793565908468105694e-5
-0.816814089933346242000287279652670749891264043837527513453486 4.7688471722619129562555240314813816624175518774041937086181e-5
-0.801106126665397275807974062736273235470278196840651984348611 4.164224125067089289400255828290397251072852520959168515173885e-5
-0.785398163397448309615660845819875721049292349843776455243736 3.626459281272366786271164936090329577321200511394639324816913e-5
-0.769690200129499343423347628903478206628306502846900926138861 3.14928739076495704612574674111382289023631383882862892583979e-5
-0.7539822368615503772310344119870806922073206558500253970339865 2.726920023734860320760966888922560738652323434553190184151305e-5
-0.738274273593601411038721195070683177786334808853149867929112 2.354018086462399494209794749920652584296287009008975097198477e-5
-0.7225663103256524448464079781542856633653489618562743388242375 2.025665382421025256408030814856898343564462315728585718669302e-5
-0.7068583470577034786540947612378881489443631148593988097193626 1.737343201623239068090226888222619758489129105851680948965801e-5
-0.691150383789754512461781544321490634523377267862523280614488 1.484905920883776910790552569330567915772888153733162132918806e-5
-0.675442420521805546269468327405093120102391420865647751509613 1.264557597424768108405413865148861722440812126892790272789282e-5
-0.659734457253856580077155110488695605681405573868772222404738 1.07282953800249123812075365073552038448175251155336079126434e-5
-0.6440264939859076138848418935722980912604197268718966932998633 9.06558825494653791468155087471110824617959772127587323600182e-6
-0.628318530717958647692528676655900576839433879875021164194989 7.62867784650883188827875414177625609519269503656283866636677e-6
-0.6126105674500096815002154597395030624184480328781456350901143 6.391443684773922812962626446786378625240192549407479150605445e-6
-0.5969026041820607153079022428231055479974621858812701059852395 5.330234464996297670251085890149923981543671550891820135724435e-6
-0.5811946409141117491155890259067080335764763388843945768803647 4.42368975924201051452814694161148061577843378690234841013005e-6
-0.56548667764616278292327580899031051915549049188751904777549 3.652570365035028969705853894780398740306497191502338697155083e-6
-0.549778714378213816730962592073913004734504644890643518670615 2.999597096934094868004459209278039372144665975440466588649946e-6
-0.534070751110264850538649375157515490313518797893767989565741 2.449297824860308508535378310263719515819819687931647054976085e-6
-0.518362787842315884346336158241117975892532950896892460460866 1.987862560960883671098177486356930032442992809379758568622203e-6
-0.502654824574366918154022941324720461471547103900016931355991 1.603006394808664653300893383010097036536581754882061778016187e-6
-0.4869468613064179519617097244083229470505612569031414022511164 1.283840074800537187002598793436152633654776146153843102848461e-6
-0.4712388980384689857693965074919254326295754099062658731462415 1.020748031731279925542394071560440001797329847021787929012275e-6
-0.455530934770520019577083290575527918208589562909390344041367 8.052736386831577629196856941489738285264012598715963117618585e-7
-0.4398229715025710533847700736591304037876037159125148149364922 6.300114995861056161103094683289948293598151929173104208014604e-7
-0.4241150082346220871924568567427328893666178689156392858316174 4.885065570691320057619120712630247780639114693596071164793536e-7
-0.408407044966673121000143639826335374945632021918763756726743 3.751598085410137012716141463149050601490051993443081931256826e-7
-0.392699081698724154807830422909937860524646174921888227621868 2.851404178078709997362693078866231119790902872525592345536024e-7
-0.3769911184307751886155172059935403461036603279250126985169932 2.143040079572101814417993049201939249125833669437295295799695e-7
-0.3612831551628262224232039890771428316826744809281371694121187 1.591169197128846760578289012725539692985429355921610723003383e-7
-0.345575191894877256230890772160745317261688633931261640307244 1.1658621799353578776942718671967031589864151102612332833913725e-7
-0.329867228626928290038577555244347802840702786934386111202369 8.41952279887906312115662516669953373772986835532210982021822e-8
-0.3141592653589793238462643383279502884197169399375105820974946 5.984438070316916343040978461665973149366586730599662551589794e-8
-0.2984513020910303576539511214115527739987310929406350529926198 4.17971466076204871468173098121475510693723672506439104944439e-8
-0.282743338823081391461637904495155259577745245943759523887745 2.863083478319417806349906701492295294833644160380161926852532e-8
-0.2670353755551324252693246875787577451567593989468839947828704 1.919203374086500856167295833306957612934453265105731594311819e-8
-0.2513274122871834590770114706623602307357735519500084656779956 1.2556468956265304173692892529342577209626129323552945129838345e-8
-0.2356194490192344928846982537459627163147877049531329365731208 7.9930510683208544835301007338537245171911655732836636059803e-9
-0.2199114857512855266923850368295652018938018579562574074682461 4.93188765680268815495264772602369288635262720313452219002234e-9
-0.2042035224833365605000718199131676874728160109593818783633714 2.936030535853232602183686540962786602169604204520156413075821e-9
-0.1884955592153875943077586029967701730518301639625063492584966 1.676729578862707863770752134948653894155071569048001038735376e-9
-0.172787595947438628115445386080372658630844316965630820153622 9.11963224887462924990626169000191639548826317128667506205368e-10
-0.1570796326794896619231321691639751442098584699687552910487473 4.68015008329822298188405210942804093487728738499099105400376e-10
-0.1413716694115406957308189522475776297888726229718797619438725 2.238647020383495172296171371309881065092462222909610791960213e-10
-0.1256637061435917295385057353311801153678867759750042328389978 9.81619695236886790265401436078623224601181201662710463469044e-11
-0.10995574287564276334619251841478260094690092897812870373412305 3.854978478966380960805538952782846735488900716485902609151046e-11
-9.42477796076937971538793014983850865259150819812531746292483e-2 1.31042985093170949002225242976983177106185426615888043767348e-11
-7.853981633974483096156608458198757210492923498437764552437364e-2 3.65730707410046917602484598068293397426065974975469574035409e-12
-6.28318530717958647692528676655900576839433879875021164194989e-2 7.67016540346095019637723859471761837433506928199020923336225e-13
-4.712388980384689857693965074919254326295754099062658731462415e-2 1.023868050393310599108042787975210814968697545485782520338149e-13
-3.141592653589793238462643383279502884197169399375105820974945e-2 5.992563148058348072213887708622661236071725562165037714886944e-15
-1.570796326794896619231321691639751442098584699687552910487472e-2 4.68173809123619774013373518188216759572348038038741326917961e-17
1.715008573485562888909082616062198893269537287369212156537383e-32373 [0;7.10230703717348888481975993656772228229447170618023297043648e-48560]
1.570796326794896619231321691639751442098584699687552910487472e-2 4.68173809123619774013373518188216759572348038038741326917961e-17
3.141592653589793238462643383279502884197169399375105820974945e-2 5.992563148058348072213887708622661236071725562165037714886944e-15
4.712388980384689857693965074919254326295754099062658731462415e-2 1.023868050393310599108042787975210814968697545485782520338149e-13
6.28318530717958647692528676655900576839433879875021164194989e-2 7.67016540346095019637723859471761837433506928199020923336225e-13
7.853981633974483096156608458198757210492923498437764552437364e-2 3.65730707410046917602484598068293397426065974975469574035409e-12
9.42477796076937971538793014983850865259150819812531746292483e-2 1.31042985093170949002225242976983177106185426615888043767348e-11
0.10995574287564276334619251841478260094690092897812870373412305 3.854978478966380960805538952782846735488900716485902609151046e-11
0.1256637061435917295385057353311801153678867759750042328389978 9.81619695236886790265401436078623224601181201662710463469044e-11
0.1413716694115406957308189522475776297888726229718797619438725 2.238647020383495172296171371309881065092462222909610791960213e-10
0.1570796326794896619231321691639751442098584699687552910487473 4.68015008329822298188405210942804093487728738499099105400376e-10
0.172787595947438628115445386080372658630844316965630820153622 9.11963224887462924990626169000191639548826317128667506205368e-10
0.1884955592153875943077586029967701730518301639625063492584966 1.676729578862707863770752134948653894155071569048001038735376e-9
0.2042035224833365605000718199131676874728160109593818783633714 2.936030535853232602183686540962786602169604204520156413075821e-9
0.2199114857512855266923850368295652018938018579562574074682461 4.93188765680268815495264772602369288635262720313452219002234e-9
0.2356194490192344928846982537459627163147877049531329365731208 7.9930510683208544835301007338537245171911655732836636059803e-9
0.2513274122871834590770114706623602307357735519500084656779956 1.2556468956265304173692892529342577209626129323552945129838345e-8
0.2670353755551324252693246875787577451567593989468839947828704 1.919203374086500856167295833306957612934453265105731594311819e-8
0.282743338823081391461637904495155259577745245943759523887745 2.863083478319417806349906701492295294833644160380161926852532e-8
0.2984513020910303576539511214115527739987310929406350529926198 4.17971466076204871468173098121475510693723672506439104944439e-8
0.3141592653589793238462643383279502884197169399375105820974946 5.984438070316916343040978461665973149366586730599662551589794e-8
0.329867228626928290038577555244347802840702786934386111202369 8.41952279887906312115662516669953373772986835532210982021822e-8
0.345575191894877256230890772160745317261688633931261640307244 1.1658621799353578776942718671967031589864151102612332833913725e-7
0.3612831551628262224232039890771428316826744809281371694121187 1.591169197128846760578289012725539692985429355921610723003383e-7
0.3769911184307751886155172059935403461036603279250126985169932 2.143040079572101814417993049201939249125833669437295295799695e-7
0.392699081698724154807830422909937860524646174921888227621868 2.851404178078709997362693078866231119790902872525592345536024e-7
0.408407044966673121000143639826335374945632021918763756726743 3.751598085410137012716141463149050601490051993443081931256826e-7
0.4241150082346220871924568567427328893666178689156392858316174 4.885065570691320057619120712630247780639114693596071164793536e-7
0.4398229715025710533847700736591304037876037159125148149364922 6.300114995861056161103094683289948293598151929173104208014604e-7
0.455530934770520019577083290575527918208589562909390344041367 8.052736386831577629196856941489738285264012598715963117618585e-7
0.4712388980384689857693965074919254326295754099062658731462415 1.020748031731279925542394071560440001797329847021787929012275e-6
0.4869468613064179519617097244083229470505612569031414022511164 1.283840074800537187002598793436152633654776146153843102848461e-6
0.502654824574366918154022941324720461471547103900016931355991 1.603006394808664653300893383010097036536581754882061778016187e-6
0.518362787842315884346336158241117975892532950896892460460866 1.987862560960883671098177486356930032442992809379758568622203e-6
0.534070751110264850538649375157515490313518797893767989565741 2.449297824860308508535378310263719515819819687931647054976085e-6
0.549778714378213816730962592073913004734504644890643518670615 2.999597096934094868004459209278039372144665975440466588649946e-6
0.56548667764616278292327580899031051915549049188751904777549 3.652570365035028969705853894780398740306497191502338697155083e-6
0.5811946409141117491155890259067080335764763388843945768803647 4.42368975924201051452814694161148061577843378690234841013005e-6
0.5969026041820607153079022428231055479974621858812701059852395 5.330234464996297670251085890149923981543671550891820135724435e-6
0.6126105674500096815002154597395030624184480328781456350901143 6.391443684773922812962626446786378625240192549407479150605445e-6
0.628318530717958647692528676655900576839433879875021164194989 7.62867784650883188827875414177625609519269503656283866636677e-6
0.6440264939859076138848418935722980912604197268718966932998633 9.06558825494653791468155087471110824617959772127587323600182e-6
0.659734457253856580077155110488695605681405573868772222404738 1.07282953800249123812075365073552038448175251155336079126434e-5
0.675442420521805546269468327405093120102391420865647751509613 1.264557597424768108405413865148861722440812126892790272789282e-5
0.691150383789754512461781544321490634523377267862523280614488 1.484905920883776910790552569330567915772888153733162132918806e-5
0.7068583470577034786540947612378881489443631148593988097193626 1.737343201623239068090226888222619758489129105851680948965801e-5
0.7225663103256524448464079781542856633653489618562743388242375 2.025665382421025256408030814856898343564462315728585718669302e-5
0.738274273593601411038721195070683177786334808853149867929112 2.354018086462399494209794749920652584296287009008975097198477e-5
0.7539822368615503772310344119870806922073206558500253970339865 2.726920023734860320760966888922560738652323434553190184151305e-5
0.769690200129499343423347628903478206628306502846900926138861 3.14928739076495704612574674111382289023631383882862892583979e-5
0.785398163397448309615660845819875721049292349843776455243736 3.626459281272366786271164936090329577321200511394639324816913e-5
0.801106126665397275807974062736273235470278196840651984348611 4.164224125067089289400255828290397251072852520959168515173885e-5
0.816814089933346242000287279652670749891264043837527513453486 4.7688471722619129562555240314813816624175518774041937086181e-5
0.8325220532012952081926004965690682643122498908344030425583606 5.447099039614389555354949140243937062639244793565908468105694e-5
0.848230016469244174384913713485465778733235737831278571663235 6.20628533555049057083729000081962123504007163748342952364502e-5
0.8639379797371931405772269304018632931542215848281541007681096 7.05427738015596955631107543752518759953048003113901551463927e-5
0.8796459430051421067695401473182608075752074318250296298729844 7.99954403615128797099817254560080335224705322315988486903758e-5
0.895353906273091072961853364234658321996193278821905158977859 9.051184666591843404177472756205573248942087447700894888833755e-5
0.911061869541040039154166581151055836417179125818780688082734 1.021896323475723648512252356131969934456021646513533116388603e-4
0.926769832808989005346479798067453350838164972815656217187609 1.151334356141149472137274201624199592688638876150278388041498e-4
0.942477796076937971538793014983850865259150819812531746292483 1.294552575433060754266915274550990202085206723858491598168666e-4
0.958185759344886937731106231900248379680136666809407275397358 1.452748382470448740985790209623609057743228953210214155122886e-4
0.973893722612835903923419448816645894101122513806282804502233 1.627200450472762834301652732896365736915025036041610605651581e-4
0.9896016858807848701157326657330434085221083608031583336071076 1.819272728039635788574206454491875426580054479937250292466028e-4
1.005309649148733836308045882649440922943094207800033862711982 2.030418565323074447913628474991454837002649301941647931119291e-4
1.021017612416682802500359099565838437364080054796909391816857 2.262184964433600344909535083804721473707067001088043205556681e-4
1.036725575684631768692672316482235951785065901793784920921732 2.516216955391171612875330922841248232058136387418470156429448e-4
1.052433538952580734884985533398633466206051748790660450026606 2.794262098900741367570660504069431936239679151568434940111162e-4
1.068141502220529701077298750315030980627037595787535979131482 3.098175117201015633033608468586537208709088840860115486720468e-4
1.083849465488478667269611967231428495048023442784411508236356 3.42992265420337374056720743589060958793949881507600558493225e-4
1.09955742875642763346192518414782600946900928978128703734123 3.791588166106013716944790200689513943455159314204816583644022e-4
1.115265392024376599654238401064223523889995136778162566446106 4.185376943636192368475333085509907035527013644986192881186102e-4
1.13097335529232556584655161798062103831098098377503809555098 4.613621267040952504797193324404494364837313941430354539456832e-4
1.146681318560274532038864834897018552731966830771913624655855 5.07878569491397604342516689628794930257227891559895075460545e-4
1.162389281828223498231178051813416067152952677768789153760729 5.58347248791317967464765669762896449659372630751199161446222e-4
1.178097245096172464423491268729813581573938524765664682865605 6.1304271683903874940574820243310984190659811915295968865332e-4
1.193805208364121430615804485646211095994924371762540211970479 6.722544216920880738704158987488297988918462274474544399278086e-4
1.209513171632070396808117702562608610415910218759415741075353 7.362872906686846766656995859094903545820153756605857081985754e-4
1.225221134900019363000430919479006124836896065756291270180229 8.05462327663473603288220840153506418516517791952561006401577e-4
1.240929098167968329192744136395403639257881912753166799285103 8.80117224429229542905772890057223691324820952674504501619332e-4
1.256637061435917295385057353311801153678867759750042328389978 9.606069859096587419579176737106332024183745537800230656951435e-4
1.272345024703866261577370570228198668099853606746917857494852 1.047304569704963542277626037840546040378245770141575204329392e-3
1.288052987971815227769683787144596182520839453743793386599727 1.14060153974834654093135405514800805537077136448706269505338e-3
1.303760951239764193961997004060993696941825300740668915704602 1.240908734268125032266143486909203293006282583553378509307991e-3
1.319468914507713160154310220977391211362811147737544444809476 1.348656948106601632075374986479513672702284338518789640281963e-3
1.335176877775662126346623437893788725783796994734419973914352 1.464297629463294669031618965821925026439485454837297257965634e-3
1.350884841043611092538936654810186240204782841731295503019226 1.588303591126572933598784153541660347402626109279066768987503e-3
1.366592804311560058731249871726583754625768688728171032124101 1.721169736254164577655203893205767841835120756915251728018439e-3
1.382300767579509024923563088642981269046754535725046561228976 1.863413798759420241062089282699208013789421325334764408951065e-3
1.39800873084745799111587630555937878346774038272192209033385 2.015577098356606730106871312382601205768166729013664367051367e-3
1.413716694115406957308189522475776297888726229718797619438725 2.178225310314890676310061619368965014895913726415236715190656e-3
1.4294246573833559235005027393921738123097120767156731485436 2.351949249967042454922459344379479273310332687712986993108006e-3
1.445132620651304889692815956308571326730697923712548677648475 2.537365672015250135995071406466477022900782528938509862552156e-3
1.460840583919253855885129173224968841151683770709424206753349 2.73511808467278227541748640270349241258299695954273976439275e-3
1.476548547187202822077442390141366355572669617706299735858225 2.945877578676577829612751550719669062414124457475546208738587e-3
1.492256510455151788269755607057763869993655464703175264963099 3.170343671202172298827498902412958267690982411072204349228314e-3
1.507964473723100754462068823974161384414641311700050794067973 3.40924516470869227548010475771928544670885138714454267653719e-3
1.523672436991049720654382040890558898835627158696926323172848 3.663341020737966803054127179835385461176680746547132970378351e-3
1.539380400258998686846695257806956413256613005693801852277723 3.93342124868811424646451752372213351705280545446043731539807e-3
1.555088363526947653039008474723353927677598852690677381382598 4.220307809578268647059532821665520237752916909977992766982364e-3
1.570796326794896619231321691639751442098584699687552910487472 4.524855534817410696070677232283731239802830249341028982766407e-3
