x abs_error rel_error
-6.25e-2 3.682656068629795902240269852799363817699995772023511850606922314998183265e-21 5.89608755882220392436742206648147262764973726076630194466032648136966316e-20
-6.1875e-2 3.46653527669171187206697324526230647100273731507720857634373832135883702e-21 5.60605771715779853042521199439755185588364834412448936398117327009403781e-20
-6.125e-2 3.26607404524789028332270607920159875522917222036032740239399728958091259e-21 5.335701365275900548250641105673333878631494071001711475732699827298701385e-20
-6.0625e-2 3.080008728954085486826718478127476483911279644850692441785214217479213274e-21 5.08354019653070223692732944537350125319981680485980423358733733839648071e-20
-6e-2 2.907173659760813513036279129751038478271023496838055288107522165135847022e-21 4.848197828071044599425224681388747787383242872216728991476222563898118918e-20
-5.9375e-2 2.746494360630417127313842570144251005413627915417146983062457593610024318e-21 4.6283937159548470736432307580706552396058887937871451063021343181887822e-20
-5.875e-2 2.59698116621282584954112351173114381071876401289772342927161518512135348e-21 4.42293737614121860084706477979717996311561107654353590380564955294233111e-20
-5.8125e-2 2.457723229935835424630860226225825718070364848137801399074980657299590922e-21 4.23072289892681131336110945150379325749659303060470656239662486640380894e-20
-5.75e-2 2.327882897803952476124809019321870579646434597476993133821739794331814967e-21 4.050723744776426230238305729455705145660633235639682451785944961858613542e-20
-5.6875e-2 2.206690430012155578014787412874468131329478313650645441688547443555945624e-21 3.881987809873332855907206890429939179799661801643615136068844712258249564e-20
-5.625e-2 2.093439052267853435337147167513154254986703305225125888120061597886725292e-21 3.723632750082307226105449312215062289034634135990479524011338713790314814e-20
-5.5625e-2 1.987480319476408292695499321030850526737924427729250729928128311308832362e-21 3.57484155237811145602723066720123892604066626111785454768806043689653697e-20
-5.5e-2 1.88821977518336643774963693526352924075127920353150370971751273621850569e-21 3.43485834314411787116799588452823003146203128214853976016865205970963079e-20
-5.4375e-2 1.795112890880520405114042365219968417259271083452616966192277900055909734e-21 3.302984423090107931534931674540293938310954443199781765987760861319644435e-20
-5.375e-2 1.707661269973636211232421448726514589053856984003565899087339760190671955e-21 3.178574518875035921170012961126568032881252788158787772852692139804924407e-20
-5.3125e-2 1.625409101877624983580384021455234888391535449288684855340557714481299503e-21 3.061033241849825231243089011821215434940611439796838722775230620620567097e-20
-5.25e-2 1.547939852350627333491670910755420853122440941455530152724494311672370454e-21 2.949811744657146418438573580485595842957729346774313090348073912497682224e-20
-5.1875e-2 1.474873176802410730851651968222758597250550169515258626027244582148803811e-21 2.84440456673969641199176864124167934837097484041098918112027697325453147e-20
-5.125e-2 1.405862043915149264859784562298033230938778861399214730845750843074991655e-21 2.744346660115842553134044383577990277881754957263370613819636357176472547e-20
-5.0625e-2 1.340590057496550135998997356873844304944224767496136765381196536094465563e-21 2.64921058708169880078210222857193086327842850072550604742304124864456302e-20
-5e-2 1.278768965046894962006427142196098551920777533371859508693220291032334823e-21 2.558603881791849588959163102309743054941509381401811969719935419055668859e-20
-4.9375e-2 1.220136342063353760343021744596633192886814837319226296198449142469512958e-21 2.472166567957114578274158065101422057202626342199252132695800563864549703e-20
-4.875e-2 1.164453441627376880133790436060971144522698258104206536834372311788329926e-21 2.389568825177039951826081696467461087514909540735661354809740995729575172e-20
-4.8125e-2 1.111503199324541109734407298019821429102225090469154592728250689345476491e-21 2.31050879669729395427259273632311974436301428731336355559207627875051021e-20
-4.75e-2 1.061088384031380916943840016134110469102481368609110490456662326698974897e-21 2.234710531647920994445543891119613372843946494220328511075185897473933498e-20
-4.6875e-2 1.013029885570928845249209510225984522164493355705782204441192552864843422e-21 2.161922055077554704266683278226217703829125784205627474298820335900463515e-20
-4.625e-2 9.67165130688369371855281474179594791476990717991018348406340348118352928e-22 2.091913559351290692485204191291446021891969922950478657039185144779271096e-20
-4.5625e-2 9.23346619230821234613176136694470129930159943200580296451410957225270223e-22 2.024475710726059119512374019476551091963687902430859522901155832542849279e-20
-4.5e-2 8.81440572831241880643487996326926598940311204440998837307695057621345531e-22 1.95941806515710036457100213055060591357882813706390873873471337371333456e-20
-4.4375e-2 8.413256887962261269256590699033636732968432692346129798289487627425635887e-22 1.896567587622618621029309955671275920050007191732080267249806101388458886e-20
-4.375e-2 8.028919922814755218622785387751501620860611476127142478821065369526774383e-22 1.8357672694809528506859940068616581703793311617749455114690460076075306e-20
-4.3125e-2 7.660397802073657481081524376821652286223992152565873279944557304878846357e-22 1.77687483859574671216690381984918360473196646557651343713754296983986803e-20
-4.25e-2 7.306786507207515237194412973776644269278894939764572996057645627540286874e-22 1.719761557179703361148162312882764302719693304633126810228563557064349859e-20
-4.1875e-2 6.967266123483309753615854524301373757332955247280200164601038805386668025e-22 1.664311102516661859611644003578013462860645070386690208536280730920136412e-20
-4.125e-2 6.641092673119478296837348912043691984589465620832769087360351548088834276e-22 1.61041852592501373735168191628800241636195380245024116214622875644902146e-20
-4.0625e-2 6.32759063787537773965904786945571645401045068687016890943303995856622716e-22 1.557989285522975382578495370977262957407298152722753204270100395253506558e-20
-4e-2 6.026146121874170727379632240588371085329328154507102221598709387440498574e-22 1.506938348548028712999470492794884258184281676878787549325257447585697591e-20
-3.9375e-2 5.73620060830653412089477162359851043149237007179363494042506477809770145e-22 1.457189359169023260399538771118132744121840683904333613651996808352050865e-20
-3.875e-2 5.457245266387317173858835763057490331448774058215221777653769852745712385e-22 1.408673867910081610278209444687980587411309586071990583930027354222602745e-20
-3.8125e-2 5.18881576754006413197009968119520657038199240325120053304224982845896643e-22 1.361330618980651247617094517668086702673668568002143252781681353643526454e-20
-3.75e-2 4.930487572268856469678370218416518294841545112779365852873311990813131655e-22 1.3151048919758833994192601942390321691490194485269888925247747596651064935e-20
-3.6875e-2 4.681871651546860811350816462187739409217469457104869203609019330166242646e-22 1.269947894576077519034191835977198797965019271714562213773340629567413981e-20
-3.625e-2 4.44261060880986992968426695683962981666476555956640181535497853382898193e-22 1.225816203033292667590505535368123517108675247464311343263177979007651797e-20
-3.5625e-2 4.212375170794519483391680196598416759608704610129699984468601220804277433e-22 1.182671247387478212305224705541215773030537965685981587191516471035001592e-20
-3.5e-2 3.990861017508218956965788636425669942729011420766783586467674715883514178e-22 1.140478838503699935991397090896315107184314339110212536043341446593920837e-20
-3.4375e-2 3.777785923564561402906352845752410248780278159400533552760996601204393292e-22 1.099208734166317751172102615407839149435973704159421753404841544394795799e-20
-3.375e-2 3.572887184967426062352784483075584559524943427986394834584844006042929218e-22 1.058834241605391609407944385963011517323369551263686906557711851252329014e-20
-3.3125e-2 3.375919307182456949336531920249291577428246573175786156637711633259797704e-22 1.0193318539652367251817301763765961752321433897306230247820246131609357684e-20
-3.25e-2 3.186651931999328415897106040068271693016247118542445959277497008092356216e-22 9.80680918355001687921029958474487326340131850471813407355833408643157943e-21
-3.1875e-2 3.004867982265378151160213123265054525890771196695189575353947161274038203e-22 9.428633332464871706697145887894341087827132754542364803086800466660795614e-21
-3.125e-2 2.830362005063924779009940003801827778862892642635598390212415281774985925e-22 9.058632731052424766587947946492753579261756934792418082326842365318859095e-21
-3.0625e-2 2.6629386953219601676176084047919400178902723888591716034265637493328829e-22 8.6966693825735577530419242981021681915029669671506002918611147426290386e-21
-3e-2 2.502411583164927899601793584972347371247130886835345121150177743113492502e-22 8.34262328106375210009113442510052119401444815466466706919166703883436404e-21
-2.9375e-2 2.34860186959392441096018758270699056377654815839877105287880600874280677e-22 7.99639035922545718602472107382982379877402211249902624471259590901829739e-21
-2.875e-2 2.201337396245786613142238870734823033287920898683926909477132410369519263e-22 7.65788063530103965020525300456324587900856688555478428492423598047088268e-21
-2.8125e-2 2.060451736112001073632001021301428482191029242845986271015599178722803956e-22 7.3270165431782477503235671603161778497440446801679699601049504864802932e-21
-2.75e-2 1.92578339314096993788593726397893133837775167027580976433868948902233401e-22 7.00373143093440402584807878996374249929029982347315129890274599582128589e-21
-2.6875e-2 1.797175099632625803827652892564493390989890762165593010445399724148017236e-22 6.687968213940422966203783255251513526379228936252728098595849856864116587e-21
-2.625e-2 1.674473201257372965386639666679472956768887711592951028138806639392970841e-22 6.379678169522072283714489190109043548343071754026577128309675819785188036e-21
-2.5625e-2 1.557527120395460260422511651350034637476257897671804595588468017018190382e-22 6.078819861014490816616922416688011271963868859692245636167181806196407953e-21
-2.5e-2 1.446188889300718807015441726969710768746892587493554861989583063523174366e-22 5.785358179847676779824591320645699657099334610181595056131834916489385324e-21
-2.4375e-2 1.340312745346626985318210253734552685535645408782876716373829771116727826e-22 5.49926349506630047904846946067470305516547496638152410573072891302991324e-21
-2.375e-2 1.239754781315339092344303714793135805501162066469640658049683790581447489e-22 5.220510900417608847871045751496496451471883007985601292622637544567707116e-21
-2.3125e-2 1.144372644344020313242240188321053537357998208491548202971996281423417488e-22 4.94907954983720810683901053934084701187735100460751159336930471530384929e-21
-2.25e-2 1.054025277749899339522195718907472231092508791815792524289045480483407103e-22 4.684952072824968043806606057022398921321176973239255968998470782983240438e-21
-2.1875e-2 9.685727005181546219012804191884179924533949437990960411149087067387366413e-23 4.42811406183301916352434058065298968998576006188899594834375437588511709e-21
-2.125e-2 8.87875819757307546375372886948454673057268152910788705257067920167312498e-23 4.178553624385644269280124618766707413459826879536775394075248976841621987e-21
-2.0625e-2 8.11796271907365613311973790604138746721648792958933901927268241367927059e-23 3.93626099321763067414627119930448953155443649002818081949877379162489262e-21
-2e-2 7.40196288928643999496901829991186937871966864548091494627061744833637342e-23 3.701228188254179691253603295528315737782081635244379663268305325662791356e-21
-1.9375e-2 6.729385861060408822462636902526409779161876532694660840692541415279323734e-23 3.473448724762597568863978130903594266906948972123469726213630484358629057e-21
-1.875e-2 6.09886268476539963584745465278675198573304028608029372614719795265089635e-23 3.252917362484547621247534231296732742975002469951058819257303428752306875e-21
-1.8125e-2 5.50902753228795281567889158132381547810749203617599769928538648245498174e-23 3.039629891008457728801746233054008153506207921431525569062014752795273113e-21
-1.75e-2 4.958517057346943346159638347919963380947189571111019510174888546212700975e-23 2.833582947065581179559424241969883841679631525144636643503021603485920191e-21
-1.6875e-2 4.445969871556146410742880173387814765056686487906196532171213654198996507e-23 2.634773859831032315940818460706466378934160483840372336319004181715633076e-21
-1.625e-2 3.970026118224481455705255653962316822019597807783954108506953171658181937e-23 2.44320052068369173652565272692058098596869449680016672240725854865748065e-21
-1.5625e-2 3.529327128200725684735305554530755224093186522367213015633430198967236044e-23 2.258861274227028775323844080848306968113604752271174864819135512192922876e-21
-1.5e-2 3.122515144154472434934831511634847647307061021257068028990521161482990144e-23 2.08175482769745133129075888995897162467102920036633433729823148944188041e-21
-1.4375e-2 2.748233101554947354309264952158954290164551448485664323206459137806217732e-23 1.911880176188594344513901634202361143201087531998605722473938564689590735e-21
-1.375e-2 2.405124456279332745016422442420580644947925281352845587677947728970725712e-23 1.749236541399827620364678206137681897511090734090543786044738332710271454e-21
-1.3125e-2 2.091833050267266491415253169752143386720491016470235677218949476471565917e-23 1.593823321876030415507542105844409784506970372724206661383457036177312694e-21
-1.25e-2 1.807003007952386931475598895931604486036727016614391065771196446785629584e-23 1.445640052944173172161149111413725398237138679550821071900951474145329254e-21
-1.1875e-2 1.549278657358830761097803440613538953225535733507323606329869771650766425e-23 1.304686374771294804058965654909387307101141885619901664958651678651679383e-21
-1.125e-2 1.317304470763531117292560205655726439804503241400139916835344082153033335e-23 1.170962007168895623130316272685170284898224762145324665967427693769957257e-21
-1.0625e-2 1.10972502070651252404927177999144686441482263452141168546750778680868207e-23 1.044466729951409820157632606167623406631948570069853276008561460241364616e-21
-1e-2 9.25184947893075177370454873222490122278369577362129919414067468236320705e-24 9.25200367822105698718171293002251325115318359944678808914244009001119677e-22
-9.375e-3 7.62328938185171479235034663265883123739042056681045539990842520022979738e-24 8.13162778909314792605641308114231513229983760863569624930460845970734215e-22
-8.75e-3 6.198017064352027981682758193138416718250584257543700456970091215580681885e-24 7.083538462101406223697443384562781056833220609649309025538508714281935547e-22
-8.125e-3 4.962479853841357345442489310709257531810393252181728837515212302953797123e-24 6.10773471318572089876329376899514071275042970738364947803925962792732313e-22
-7.5e-3 3.90312518236917899545184237584264376654729490231061871653972388322871978e-24 5.204215699210531745316727961335035453457977556809871875826646810466508825e-22
-6.875e-3 3.006400538507581718065837222988925844229495555013553949562019959666926743e-24 4.372980686358673719127617337298598980712304634946865877802047986071904774e-22
-6.25e-3 2.258753437344519617293692896908509565151804791349346970890383832476777785e-24 3.614029028540097899496039028902347237068497880005375748756280261327157875e-22
-5.625e-3 1.646631402675361660378978390387494090845834212946700804854045196756280769e-24 2.927360153093694753689583571702153960493481404027020627403641921243298393e-22
-5e-3 1.156481957140407963494858957024814270578160911549302699576427158655407618e-24 2.312973551658567774277896808442787745413898682104284265777151031586190379e-22
-4.375e-3 7.747526173378586050157511937193106996302110158977962172255741348244839906e-25 1.770868774594126752152503368385567538028356633145310855119734423185564112e-22
-3.75e-3 4.878908919080568995704956964836899457190792834556268126616839006529464333e-25 1.301045427744562285760845217512551332783391328761855106637820259442852683e-22
-3.125e-3 2.82344281292528447300252411784891199944006262274622669955405427650514724e-25 9.03503170680898188494932984670194368058508767677070253654771406009760648e-23
-2.5e-3 1.445602783715586883010517458799971637751708347263264923500555447074009557e-25 5.782417158211671705561511499984523937394133891866085891003587390320040037e-23
-1.875e-3 6.09863695222696803356590334510806121485531941351091565625516859971696609e-26 3.25260828034587887476360430394634574072619764555688072441616029428942463e-23
-1.25e-3 1.807003585516163834303923605879307923640277792513706110540420489378215805e-26 1.445603244872080008675093206860001591011995636198637992410570302889989143e-23
-6.25e-4 2.25875451498239288562430243639459909011791888938712440496332321364616488e-27 3.61400745925876798371017631717339980499387146766732446001518872105391758e-24
0 0 0
6.25e-4 2.25875451498239288562430243639459909011791888938712440496332321364616488e-27 3.61400745925876798371017631717339980499387146766732446001518872105391758e-24
1.25e-3 1.807003585516163834303923605879307923640277792513706110540420489378215805e-26 1.445603244872080008675093206860001591011995636198637992410570302889989143e-23
1.875e-3 6.09863695222696803356590334510806121485531941351091565625516859971696609e-26 3.25260828034587887476360430394634574072619764555688072441616029428942463e-23
2.5e-3 1.445602783715586883010517458799971637751708347263264923500555447074009557e-25 5.782417158211671705561511499984523937394133891866085891003587390320040037e-23
3.125e-3 2.82344281292528447300252411784891199944006262274622669955405427650514724e-25 9.03503170680898188494932984670194368058508767677070253654771406009760648e-23
3.75e-3 4.878908919080568995704956964836899457190792834556268126616839006529464333e-25 1.301045427744562285760845217512551332783391328761855106637820259442852683e-22
4.375e-3 7.747526173378586050157511937193106996302110158977962172255741348244839906e-25 1.770868774594126752152503368385567538028356633145310855119734423185564112e-22
5e-3 1.156481957140407963494858957024814270578160911549302699576427158655407618e-24 2.312973551658567774277896808442787745413898682104284265777151031586190379e-22
5.625e-3 1.646631402675361660378978390387494090845834212946700804854045196756280769e-24 2.927360153093694753689583571702153960493481404027020627403641921243298393e-22
6.25e-3 2.258753437344519617293692896908509565151804791349346970890383832476777785e-24 3.614029028540097899496039028902347237068497880005375748756280261327157875e-22
6.875e-3 3.006400538507581718065837222988925844229495555013553949562019959666926743e-24 4.372980686358673719127617337298598980712304634946865877802047986071904774e-22
7.5e-3 3.90312518236917899545184237584264376654729490231061871653972388322871978e-24 5.204215699210531745316727961335035453457977556809871875826646810466508825e-22
8.125e-3 4.962479853841357345442489310709257531810393252181728837515212302953797123e-24 6.10773471318572089876329376899514071275042970738364947803925962792732313e-22
8.75e-3 6.198017064352027981682758193138416718250584257543700456970091215580681885e-24 7.083538462101406223697443384562781056833220609649309025538508714281935547e-22
9.375e-3 7.62328938185171479235034663265883123739042056681045539990842520022979738e-24 8.13162778909314792605641308114231513229983760863569624930460845970734215e-22
1e-2 9.25184947893075177370454873222490122278369577362129919414067468236320705e-24 9.25200367822105698718171293002251325115318359944678808914244009001119677e-22
1.0625e-2 1.10972502070651252404927177999144686441482263452141168546750778680868207e-23 1.044466729951409820157632606167623406631948570069853276008561460241364616e-21
1.125e-2 1.317304470763531117292560205655726439804503241400139916835344082153033335e-23 1.170962007168895623130316272685170284898224762145324665967427693769957257e-21
1.1875e-2 1.549278657358830761097803440613538953225535733507323606329869771650766425e-23 1.304686374771294804058965654909387307101141885619901664958651678651679383e-21
1.25e-2 1.807003007952386931475598895931604486036727016614391065771196446785629584e-23 1.445640052944173172161149111413725398237138679550821071900951474145329254e-21
1.3125e-2 2.091833050267266491415253169752143386720491016470235677218949476471565917e-23 1.593823321876030415507542105844409784506970372724206661383457036177312694e-21
1.375e-2 2.405124456279332745016422442420580644947925281352845587677947728970725712e-23 1.749236541399827620364678206137681897511090734090543786044738332710271454e-21
1.4375e-2 2.748233101554947354309264952158954290164551448485664323206459137806217732e-23 1.911880176188594344513901634202361143201087531998605722473938564689590735e-21
1.5e-2 3.122515144154472434934831511634847647307061021257068028990521161482990144e-23 2.08175482769745133129075888995897162467102920036633433729823148944188041e-21
1.5625e-2 3.529327128200725684735305554530755224093186522367213015633430198967236044e-23 2.258861274227028775323844080848306968113604752271174864819135512192922876e-21
1.625e-2 3.970026118224481455705255653962316822019597807783954108506953171658181937e-23 2.44320052068369173652565272692058098596869449680016672240725854865748065e-21
1.6875e-2 4.445969871556146410742880173387814765056686487906196532171213654198996507e-23 2.634773859831032315940818460706466378934160483840372336319004181715633076e-21
1.75e-2 4.958517057346943346159638347919963380947189571111019510174888546212700975e-23 2.833582947065581179559424241969883841679631525144636643503021603485920191e-21
1.8125e-2 5.50902753228795281567889158132381547810749203617599769928538648245498174e-23 3.039629891008457728801746233054008153506207921431525569062014752795273113e-21
1.875e-2 6.09886268476539963584745465278675198573304028608029372614719795265089635e-23 3.252917362484547621247534231296732742975002469951058819257303428752306875e-21
1.9375e-2 6.729385861060408822462636902526409779161876532694660840692541415279323734e-23 3.473448724762597568863978130903594266906948972123469726213630484358629057e-21
2e-2 7.40196288928643999496901829991186937871966864548091494627061744833637342e-23 3.701228188254179691253603295528315737782081635244379663268305325662791356e-21
2.0625e-2 8.11796271907365613311973790604138746721648792958933901927268241367927059e-23 3.93626099321763067414627119930448953155443649002818081949877379162489262e-21
2.125e-2 8.87875819757307546375372886948454673057268152910788705257067920167312498e-23 4.178553624385644269280124618766707413459826879536775394075248976841621987e-21
2.1875e-2 9.685727005181546219012804191884179924533949437990960411149087067387366413e-23 4.42811406183301916352434058065298968998576006188899594834375437588511709e-21
2.25e-2 1.054025277749899339522195718907472231092508791815792524289045480483407103e-22 4.684952072824968043806606057022398921321176973239255968998470782983240438e-21
2.3125e-2 1.144372644344020313242240188321053537357998208491548202971996281423417488e-22 4.94907954983720810683901053934084701187735100460751159336930471530384929e-21
2.375e-2 1.239754781315339092344303714793135805501162066469640658049683790581447489e-22 5.220510900417608847871045751496496451471883007985601292622637544567707116e-21
2.4375e-2 1.340312745346626985318210253734552685535645408782876716373829771116727826e-22 5.49926349506630047904846946067470305516547496638152410573072891302991324e-21
2.5e-2 1.446188889300718807015441726969710768746892587493554861989583063523174366e-22 5.785358179847676779824591320645699657099334610181595056131834916489385324e-21
2.5625e-2 1.557527120395460260422511651350034637476257897671804595588468017018190382e-22 6.078819861014490816616922416688011271963868859692245636167181806196407953e-21
2.625e-2 1.674473201257372965386639666679472956768887711592951028138806639392970841e-22 6.379678169522072283714489190109043548343071754026577128309675819785188036e-21
2.6875e-2 1.797175099632625803827652892564493390989890762165593010445399724148017236e-22 6.687968213940422966203783255251513526379228936252728098595849856864116587e-21
2.75e-2 1.92578339314096993788593726397893133837775167027580976433868948902233401e-22 7.00373143093440402584807878996374249929029982347315129890274599582128589e-21
2.8125e-2 2.060451736112001073632001021301428482191029242845986271015599178722803956e-22 7.3270165431782477503235671603161778497440446801679699601049504864802932e-21
2.875e-2 2.201337396245786613142238870734823033287920898683926909477132410369519263e-22 7.65788063530103965020525300456324587900856688555478428492423598047088268e-21
2.9375e-2 2.34860186959392441096018758270699056377654815839877105287880600874280677e-22 7.99639035922545718602472107382982379877402211249902624471259590901829739e-21
3e-2 2.502411583164927899601793584972347371247130886835345121150177743113492502e-22 8.34262328106375210009113442510052119401444815466466706919166703883436404e-21
3.0625e-2 2.6629386953219601676176084047919400178902723888591716034265637493328829e-22 8.6966693825735577530419242981021681915029669671506002918611147426290386e-21
3.125e-2 2.830362005063924779009940003801827778862892642635598390212415281774985925e-22 9.058632731052424766587947946492753579261756934792418082326842365318859095e-21
3.1875e-2 3.004867982265378151160213123265054525890771196695189575353947161274038203e-22 9.428633332464871706697145887894341087827132754542364803086800466660795614e-21
3.25e-2 3.186651931999328415897106040068271693016247118542445959277497008092356216e-22 9.80680918355001687921029958474487326340131850471813407355833408643157943e-21
3.3125e-2 3.375919307182456949336531920249291577428246573175786156637711633259797704e-22 1.0193318539652367251817301763765961752321433897306230247820246131609357684e-20
3.375e-2 3.572887184967426062352784483075584559524943427986394834584844006042929218e-22 1.058834241605391609407944385963011517323369551263686906557711851252329014e-20
3.4375e-2 3.777785923564561402906352845752410248780278159400533552760996601204393292e-22 1.099208734166317751172102615407839149435973704159421753404841544394795799e-20
3.5e-2 3.990861017508218956965788636425669942729011420766783586467674715883514178e-22 1.140478838503699935991397090896315107184314339110212536043341446593920837e-20
3.5625e-2 4.212375170794519483391680196598416759608704610129699984468601220804277433e-22 1.182671247387478212305224705541215773030537965685981587191516471035001592e-20
3.625e-2 4.44261060880986992968426695683962981666476555956640181535497853382898193e-22 1.225816203033292667590505535368123517108675247464311343263177979007651797e-20
3.6875e-2 4.681871651546860811350816462187739409217469457104869203609019330166242646e-22 1.269947894576077519034191835977198797965019271714562213773340629567413981e-20
3.75e-2 4.930487572268856469678370218416518294841545112779365852873311990813131655e-22 1.3151048919758833994192601942390321691490194485269888925247747596651064935e-20
3.8125e-2 5.18881576754006413197009968119520657038199240325120053304224982845896643e-22 1.361330618980651247617094517668086702673668568002143252781681353643526454e-20
3.875e-2 5.457245266387317173858835763057490331448774058215221777653769852745712385e-22 1.408673867910081610278209444687980587411309586071990583930027354222602745e-20
3.9375e-2 5.73620060830653412089477162359851043149237007179363494042506477809770145e-22 1.457189359169023260399538771118132744121840683904333613651996808352050865e-20
4e-2 6.026146121874170727379632240588371085329328154507102221598709387440498574e-22 1.506938348548028712999470492794884258184281676878787549325257447585697591e-20
4.0625e-2 6.32759063787537773965904786945571645401045068687016890943303995856622716e-22 1.557989285522975382578495370977262957407298152722753204270100395253506558e-20
4.125e-2 6.641092673119478296837348912043691984589465620832769087360351548088834276e-22 1.61041852592501373735168191628800241636195380245024116214622875644902146e-20
4.1875e-2 6.967266123483309753615854524301373757332955247280200164601038805386668025e-22 1.664311102516661859611644003578013462860645070386690208536280730920136412e-20
4.25e-2 7.306786507207515237194412973776644269278894939764572996057645627540286874e-22 1.719761557179703361148162312882764302719693304633126810228563557064349859e-20
4.3125e-2 7.660397802073657481081524376821652286223992152565873279944557304878846357e-22 1.77687483859574671216690381984918360473196646557651343713754296983986803e-20
4.375e-2 8.028919922814755218622785387751501620860611476127142478821065369526774383e-22 1.8357672694809528506859940068616581703793311617749455114690460076075306e-20
4.4375e-2 8.413256887962261269256590699033636732968432692346129798289487627425635887e-22 1.896567587622618621029309955671275920050007191732080267249806101388458886e-20
4.5e-2 8.81440572831241880643487996326926598940311204440998837307695057621345531e-22 1.95941806515710036457100213055060591357882813706390873873471337371333456e-20
4.5625e-2 9.23346619230821234613176136694470129930159943200580296451410957225270223e-22 2.024475710726059119512374019476551091963687902430859522901155832542849279e-20
4.625e-2 9.67165130688369371855281474179594791476990717991018348406340348118352928e-22 2.091913559351290692485204191291446021891969922950478657039185144779271096e-20
4.6875e-2 1.013029885570928845249209510225984522164493355705782204441192552864843422e-21 2.161922055077554704266683278226217703829125784205627474298820335900463515e-20
4.75e-2 1.061088384031380916943840016134110469102481368609110490456662326698974897e-21 2.234710531647920994445543891119613372843946494220328511075185897473933498e-20
4.8125e-2 1.111503199324541109734407298019821429102225090469154592728250689345476491e-21 2.31050879669729395427259273632311974436301428731336355559207627875051021e-20
4.875e-2 1.164453441627376880133790436060971144522698258104206536834372311788329926e-21 2.389568825177039951826081696467461087514909540735661354809740995729575172e-20
4.9375e-2 1.220136342063353760343021744596633192886814837319226296198449142469512958e-21 2.472166567957114578274158065101422057202626342199252132695800563864549703e-20
5e-2 1.278768965046894962006427142196098551920777533371859508693220291032334823e-21 2.558603881791849588959163102309743054941509381401811969719935419055668859e-20
5.0625e-2 1.340590057496550135998997356873844304944224767496136765381196536094465563e-21 2.64921058708169880078210222857193086327842850072550604742304124864456302e-20
5.125e-2 1.405862043915149264859784562298033230938778861399214730845750843074991655e-21 2.744346660115842553134044383577990277881754957263370613819636357176472547e-20
5.1875e-2 1.474873176802410730851651968222758597250550169515258626027244582148803811e-21 2.84440456673969641199176864124167934837097484041098918112027697325453147e-20
5.25e-2 1.547939852350627333491670910755420853122440941455530152724494311672370454e-21 2.949811744657146418438573580485595842957729346774313090348073912497682224e-20
5.3125e-2 1.625409101877624983580384021455234888391535449288684855340557714481299503e-21 3.061033241849825231243089011821215434940611439796838722775230620620567097e-20
5.375e-2 1.707661269973636211232421448726514589053856984003565899087339760190671955e-21 3.178574518875035921170012961126568032881252788158787772852692139804924407e-20
5.4375e-2 1.795112890880520405114042365219968417259271083452616966192277900055909734e-21 3.302984423090107931534931674540293938310954443199781765987760861319644435e-20
5.5e-2 1.88821977518336643774963693526352924075127920353150370971751273621850569e-21 3.43485834314411787116799588452823003146203128214853976016865205970963079e-20
5.5625e-2 1.987480319476408292695499321030850526737924427729250729928128311308832362e-21 3.57484155237811145602723066720123892604066626111785454768806043689653697e-20
5.625e-2 2.093439052267853435337147167513154254986703305225125888120061597886725292e-21 3.723632750082307226105449312215062289034634135990479524011338713790314814e-20
5.6875e-2 2.206690430012155578014787412874468131329478313650645441688547443555945624e-21 3.881987809873332855907206890429939179799661801643615136068844712258249564e-20
5.75e-2 2.327882897803952476124809019321870579646434597476993133821739794331814967e-21 4.050723744776426230238305729455705145660633235639682451785944961858613542e-20
5.8125e-2 2.457723229935835424630860226225825718070364848137801399074980657299590922e-21 4.23072289892681131336110945150379325749659303060470656239662486640380894e-20
5.875e-2 2.59698116621282584954112351173114381071876401289772342927161518512135348e-21 4.42293737614121860084706477979717996311561107654353590380564955294233111e-20
5.9375e-2 2.746494360630417127313842570144251005413627915417146983062457593610024318e-21 4.6283937159548470736432307580706552396058887937871451063021343181887822e-20
6e-2 2.907173659760813513036279129751038478271023496838055288107522165135847022e-21 4.848197828071044599425224681388747787383242872216728991476222563898118918e-20
6.0625e-2 3.080008728954085486826718478127476483911279644850692441785214217479213274e-21 5.08354019653070223692732944537350125319981680485980423358733733839648071e-20
6.125e-2 3.26607404524789028332270607920159875522917222036032740239399728958091259e-21 5.335701365275900548250641105673333878631494071001711475732699827298701385e-20
6.1875e-2 3.46653527669171187206697324526230647100273731507720857634373832135883702e-21 5.60605771715779853042521199439755185588364834412448936398117327009403781e-20
6.25e-2 3.682656068629795902240269852799363817699995772023511850606922314998183265e-21 5.89608755882220392436742206648147262764973726076630194466032648136966316e-20
